Nama : Fariz
Umur : 19
IPK : 3.870000
Nama : Taufik
Umur : 20
IPK : 3.670000
Nama : Fariz
Umur : 19
IPK : 3.870000
Nama : Taufik
Umur : 21
IPK : 3.860000
